59,10
59,9
42,11
42,10
4294967279,363
4294967278,329
4294967279,362
4294967279,361
4294967279,360
4294967278,327
41,18
4294967279,356
4294967279,355
4294967278,323
4294967278,319
4294967279,352
41,17
4294967278,318
41,16
12,10
41,15
4294967279,347
4294967279,344
4294967278,317
4294967278,316
4294967278,315
4294967278,314
4294967278,313
4294967278,312
4294967278,311
41,14
4294967279,338
4294967279,337
4294967279,335
4294967278,310
4294967294,1427
4294967294,51
4294967294,1418
4294967294,1431
4294967294,475
4294967278,309
4294967294,1428
4294967278,308
4294967294,1424
4294967294,473
4294967294,470
4294967294,1422
4294967278,307
4294967278,306
4294967279,328
4294967278,305
4294967279,327
4294967279,326
4294967279,325
4294967278,300
4294967278,299
4294967278,295
4294967278,293
4294967278,292
4294967278,291
4294967278,290
4294967278,289
4294967279,324
4294967279,322
4294967294,1434
4294967294,1433
4294967279,251
4294967294,1432
4294967294,469
4294967278,286
4294967279,248
4294967294,1430
4294967294,511
81,6
81,5
81,4
81,3
81,2
81,1
81,0
80,5
80,4
80,3
80,2
80,1
80,0
79,10
79,9
79,8
79,7
79,6
79,5
79,4
79,3
79,2
79,1
79,0
78,6
78,5
78,4
78,3
78,2
78,1
78,0
4294967294,510
4294967294,1417
4294967294,1423
4294967294,509
4294967294,1429
4294967294,1426
4294967294,204
4294967294,508
77,6
77,5
77,4
77,3
77,2
77,1
77,0
4294967294,1413
76,9
76,8
76,7
76,6
76,5
76,4
76,3
76,2
76,1
76,0
75,6
75,5
75,4
75,3
75,2
75,1
75,0
74,4
74,3
74,2
74,1
74,0
73,9
73,8
73,7
73,6
73,5
73,4
73,3
73,2
73,1
73,0
72,4
72,3
72,2
72,1
72,0
4294967294,507
4294967279,245
4294967279,234
4294967279,230
4294967279,228
4294967279,226
4294967278,250
4294967278,249
4294967278,247
71,6
71,5
71,4
71,3
71,2
71,1
71,0
70,6
70,5
70,4
70,3
70,2
70,1
70,0
69,6
69,5
69,4
69,3
69,2
69,1
69,0
68,6
68,5
68,4
68,3
68,2
68,1
68,0
4294967294,506
4294967278,246
4294967279,224
4294967278,244
4294967294,1425
4294967294,505
4294967278,242
4294967278,239
4294967279,222
4294967278,237
4294967278,233
4294967278,231
4294967278,352
4294967279,212
4294967279,210
4294967278,229
4294967279,316
4294967279,315
4294967278,227
4294967278,264
4294967278,225
4294967278,223
4294967279,314
4294967278,221
4294967278,219
4294967279,312
4294967278,217
4294967279,311
4294967278,215
4294967279,310
4294967279,309
4294967279,308
4294967278,213
4294967278,575
4294967278,574
4294967279,307
4294967278,573
4294967279,306
12,9
4294967279,305
4294967279,304
4294967279,303
41,13
4294967279,302
11,191
11,190
4294967279,301
4294967279,300
4294967279,299
4294967279,298
11,88
11,87
11,71
11,70
11,69
11,68
11,67
11,255
11,254
11,253
11,252
11,251
11,250
11,249
11,248
11,247
11,246
11,245
11,244
11,243
11,242
11,241
11,240
11,239
11,238
11,237
11,236
11,235
11,234
11,233
11,232
11,231
11,230
11,229
11,228
11,226
11,213
11,212
11,211
11,209
11,208
11,205
11,204
4294967279,297
4294967279,296
11,207
4294967279,294
4294967279,293
4294967278,570
4294967279,292
4294967279,291
4294967278,569
4294967279,392
4294967293,131
4294967293,130
4294967293,129
4294967293,128
4294967293,127
4294967293,126
4294967293,125
4294967293,124
4294967293,123
4294967293,122
4294967293,121
4294967293,120
4294967293,119
4294967293,118
4294967293,117
4294967293,116
4294967293,115
4294967293,114
4294967293,113
4294967293,112
4294967293,111
4294967293,110
4294967293,109
4294967293,108
4294967293,107
4294967293,106
4294967293,105
4294967293,104
4294967293,103
4294967293,102
4294967293,101
4294967293,100
4294967293,99
4294967293,98
4294967293,97
4294967293,96
4294967293,95
4294967293,94
4294967293,93
4294967293,92
4294967293,91
4294967293,90
4294967293,89
4294967293,88
4294967293,87
4294967293,86
4294967293,85
4294967293,84
4294967293,83
4294967293,82
4294967293,81
4294967293,80
4294967293,79
4294967293,78
4294967293,77
4294967293,76
4294967293,75
4294967293,74
4294967293,73
4294967293,72
4294967293,71
4294967293,70
4294967293,69
4294967293,68
4294967293,67
4294967293,66
4294967293,65
4294967293,64
4294967293,63
4294967293,62
4294967293,61
4294967293,60
4294967293,59
4294967293,58
4294967293,57
4294967293,56
4294967293,55
4294967293,54
4294967293,53
4294967293,52
4294967293,51
4294967293,50
4294967293,49
4294967293,48
4294967293,47
4294967293,46
4294967293,45
4294967293,44
4294967293,43
4294967293,42
4294967293,41
4294967293,40
4294967293,39
4294967293,38
4294967293,37
4294967293,36
4294967293,35
4294967293,34
4294967293,33
4294967293,32
4294967293,31
4294967293,30
4294967293,29
4294967293,28
4294967293,27
4294967293,26
4294967293,25
4294967293,24
4294967293,23
4294967293,22
4294967293,21
4294967293,20
4294967293,19
4294967293,18
4294967293,17
4294967293,16
4294967293,15
4294967293,14
4294967293,13
4294967293,12
4294967293,11
4294967293,10
4294967293,9
4294967293,8
4294967293,7
4294967293,6
4294967293,5
4294967293,4
4294967293,3
4294967293,2
4294501266,0
4294501265,0
4294501264,0
4294501263,0
4294501262,0
4294501261,0
4294501260,0
4294501259,0
4294501258,0
4294501257,0
4294967293,0
4294967278,381
4294967278,160
4294967278,47
4294967278,571
4294967278,159
4294967278,46
4294967278,519
4294967278,158
4294967278,45
4294967278,157
4294967278,156
4294967278,44
4294967278,360
4294967278,155
4294967278,43
4294967278,568
4294967278,154
4294967278,42
4294967278,567
4294967278,153
4294967278,41
4294967278,367
4294967278,152
4294967278,40
4294967278,566
4294967278,151
4294967278,39
4294967278,565
4294967278,150
4294967278,38
4294967278,564
4294967278,149
4294967278,37
4294967278,326
4294967278,148
4294967278,36
4294967278,322
